1 1 1
2 1 2
3 2 1
4 1 3
5 3 1
6 3 2
7 1 2
8 1 4
9 8 1
10 1 3
11 6 1
12 11 1
13 10 1
14 12 1
15 10 1
16 1 4
17 15 1
18 1 3
19 14 1
20 13 1
21 14 1
22 8 2
23 19 1
24 1 4
25 13 2
26 24 1
27 10 2
28 22 2
29 23 1
30 22 1
31 1 3
32 14 1
33 32 1
34 29 2
35 26 2
36 23 2
37 7 2
38 1 5
39 38 1
40 34 1
41 22 1
42 12 3
43 6 4
44 8 3
45 21 1
46 41 1
47 28 2
48 19 3
49 20 2
50 15 3
51 10 4
52 49 1
53 39 2
54 1 5
55 2 4
56 17 3
57 21 2
58 39 2
59 1 6
60 32 2
61 28 2
62 9 3
63 49 1
64 27 2
65 26 2
66 65 1
67 26 2
68 41 3
69 32 3
70 26 3
71 53 1
72 15 3
73 58 1
74 64 1
75 34 2
76 24 2
77 5 5
78 26 2
79 69 1
80 47 3
81 62 1
82 39 3
83 47 2
84 56 1
85 43 2
86 67 1
87 16 3
88 62 1
89 51 1
90 17 3
91 6 5
92 78 2
93 62 2
94 27 3
95 56 2
96 93 1
97 60 2
98 76 1
99 74 1
100 91 1
101 46 2
102 82 1
103 5 4
104 25 3
105 3 5
106 78 2
107 79 1
108 20 2
109 44 1
110 1 5
111 76 1
112 61 2
113 52 2
114 59 2
115 56 2
116 7 4
117 36 1
118 77 2
119 7 4
120 90 1
121 9 4
122 73 1
123 115 1
124 93 1
125 95 1
126 67 2
127 3 5
128 85 1
129 80 1
130 16 5
131 111 1
132 46 3
133 1 8
134 48 2
135 108 1
136 7 6
137 60 2
138 90 2
139 85 2
140 102 2
141 134 1
142 38 3
143 82 1
144 54 2
145 144 1
146 141 1
147 77 2
148 40 3
149 93 1
150 91 2
151 53 2
152 108 1
153 68 2
154 92 1
155 117 1
156 85 2
157 52 2
158 10 5
159 23 2
160 142 2
161 37 4
162 4 6
163 86 1
164 98 1
165 58 3
166 56 3
167 109 1
168 167 1
169 156 1
170 88 2
171 125 1
172 29 4
173 5 5
174 56 2
175 98 1
176 4 6
177 107 1
178 51 2
179 57 1
180 17 4
181 20 3
182 162 1
183 17 4
184 111 3
185 95 3
186 36 4
187 9 4
188 144 2
189 63 3
190 41 3
191 180 1
192 111 3
193 113 2
194 90 3
195 79 4
196 26 4
197 146 1
198 193 1
199 26 3
200 187 1
201 102 2
202 40 4
203 16 5
204 111 2
205 161 1
206 188 1
207 162 1
208 77 2
209 41 3
210 85 2
211 156 1
212 143 3
213 58 3
214 37 3
215 37 2
216 1 7
217 88 1
218 125 1
219 11 4
220 151 1
221 6 4
222 1 8
223 118 1
224 143 2
225 167 1
226 186 1
227 223 1
228 169 2
229 18 5
230 110 2
231 164 1
232 196 2
233 210 1
234 16 5
235 154 1
236 231 1
237 82 2
238 105 2
239 85 2
240 189 1
241 184 2
242 94 3
243 110 1
244 88 3
245 137 1
246 211 2
247 90 2
248 39 3
249 107 2
250 108 2
251 200 1
252 114 2
253 180 1
254 151 1
255 62 3
256 112 3
257 102 3
258 151 2
259 21 5
260 196 1
261 250 1
262 15 6
263 171 1
264 48 4
265 131 1
266 146 1
267 41 4
268 200 2
269 236 1
270 204 2
271 219 1
272 252 1
273 21 5
274 59 3
275 67 2
276 247 1
277 14 7
278 236 1
279 13 7
280 207 3
281 69 4
282 36 4
283 34 4
284 67 3
285 202 1
286 201 1
287 186 1
288 10 7
289 64 4
290 2 7
291 22 4
292 153 3
293 125 3
294 207 2
295 196 2
296 243 2
297 46 4
298 19 4
299 252 1
300 111 2
301 249 1
302 203 1
303 83 3
304 277 1
305 35 5
306 243 1
307 29 5
308 169 2
309 210 1
310 59 3
311 78 2
312 66 3
313 112 2
314 218 1
315 227 1
316 310 1
317 122 2
318 201 1
319 117 1
320 267 2
321 206 2
322 147 3
323 202 1
324 91 3
325 132 2
326 180 1
327 134 2
328 267 1
329 204 1
330 68 4
331 35 5
332 144 2
333 34 5
334 238 1
335 218 2
336 202 3
337 257 1
338 248 2
339 11 5
340 247 1
341 61 3
342 210 2
343 57 3
344 181 2
345 81 2
346 301 1
347 264 1
348 297 1
349 166 1
350 17 4
351 243 1
352 120 2
353 272 1
354 90 3
355 219 1
356 164 2
357 267 1
358 329 1
359 82 3
360 225 1
361 167 2
362 239 1
363 350 1
364 304 2
365 230 2
366 318 1
367 145 1
368 135 3
369 211 2
370 268 1
371 5 7
372 369 1
373 95 3
374 193 1
375 189 1
376 186 3
377 124 3
378 205 2
379 117 3
380 284 1
381 333 1
382 93 3
383 6 6
384 248 2
385 304 1
386 342 1
387 383 1
388 309 2
389 27 6
390 211 2
391 149 3
392 207 2
393 35 5
394 255 2
395 255 1
396 389 1
397 187 2
398 384 1
399 137 3
400 111 3
401 380 1
402 267 2
403 107 3
404 77 4
405 29 5
406 1 8
407 379 1
408 173 3
409 224 1
410 226 2
411 179 2
412 153 3
413 312 1
414 305 2
415 95 4
416 225 2
417 367 1
418 231 1
419 116 2
420 396 1
421 419 1
422 381 1
423 195 2
424 190 3
425 233 2
426 11 5
427 183 2
428 400 1
429 126 2
430 2 6
431 235 1
432 97 2
433 292 1
434 333 1
435 314 1
436 4 5
437 21 3
438 293 1
439 316 1
440 256 2
441 50 3
442 33 3
443 82 1
444 72 2
445 33 2
446 192 2
447 424 1
448 427 1
449 403 1
450 248 3
451 402 1
452 94 4
453 207 2
454 296 2
455 294 2
456 413 1
457 420 1
458 455 1
459 63 4
460 94 3
461 458 1
462 313 2
463 340 1
464 426 1
465 329 3
466 336 2
467 433 1
468 350 1
469 165 1
470 303 1
471 283 2
472 358 2
473 465 1
474 357 1
475 423 1
476 31 5
477 219 1
478 62 2
479 159 1
480 172 4
481 324 2
482 100 4
483 267 1
484 25 5
485 44 4
486 221 1
487 139 2
488 15 7
489 222 2
490 218 2
491 271 1
492 362 2
493 180 2
494 114 3
495 333 1
496 170 3
497 453 1
498 428 1
499 186 2
500 284 2
